11010111
01010110
01111001
01110011
01101100
01100101
01100100
01101011
01101111
01101101
00100000
01110011
01110101
00100000
01110011
01110100
01111001
01110010
01101001
00100000
01100011
01101001
01110011
01101100
01100001
00100000
01111010
01100001
01110000
01101001
01110011
01100001
01101110
01100101
00100000
01110110
00100000
01110011
01110101
01100010
01101111
01110010
01100101
00100000
01110111
01110111
01110111
00101110
01101111
01101110
01100100
01110010
01100101
01101010
01110011
01111010
01100101
01101011
01100101
01101100
01111001
00101110
01110011
01101011
00101111
01100110
01101001
01101100
01100101
01110011
00101111
01101011
01101111
01100100
00101110
01110100
01111000
01110100
00100000
01110000
01110010
01101001
01100001
01101101
01111001
01101101
00100000
01101011
01101111
01100100
01101111
01101101
00000100