151 225 279
48 55 73
124 124 124
51 61 93
10 10 15
68 144 144
10 11 22
68 321 321
11 36 199
279 279 279
247 259 259
11 95 97
81 166 299
57 176 185
297 297 297
10 40 66
128 128 128
114 225 326
154 154 154
59 128 128
31 31 282
32 255 257
134 258 313
51 140 149
13 28 28
84 187 205
54 113 113
39 125 165
251 280 280
16 58 58
39 80 89
43 56 265
57 78 301
240 309 309
38 164 311
310 335 335
24 31 41
326 326 326
71 71 71
18 188 188
207 223 223
50 78 78
261 261 261
88 126 168
30 288 288
11 60 164
204 253 325
176 176 176
151 175 175
10 11 17
11 168 174
94 94 94
27 30 140
73 183 183
110 124 124
119 119 119
19 19 19
240 240 240
15 112 113
56 297 308
312 312 312
14 23 109
17 34 90
12 15 15
83 118 288
127 241 334
20 27 125
33 182 195
235 235 235
28 270 270
31 31 31
44 58 67
347 347 347
348 348 348
257 257 257
88 212 212
28 45 53
330 338 338
28 59 59
39 62 62
133 156 205
172 172 172
27 255 255
32 59 94
60 91 109
19 180 181
58 121 121
119 134 134
24 63 151
122 122 122
20 21 29
18 145 145
103 187 187
10 10 10
147 187 187
33 33 100
192 327 327
12 164 164
101 207 207
122 139 277
212 212 212
90 178 213
91 262 262
178 178 178
30 44 110
10 15 110
10 10 11
161 240 289
217 217 217
63 63 63
93 93 93
149 280 322
10 26 26
35 59 59
61 223 340
39 315 315
225 225 225
52 216 216
104 153 185
254 333 333
14 27 77
13 17 52
22 22 36
207 224 305
209 209 209
160 231 281
11 13 38
11 44 265
108 184 289
73 211 299
14 16 19
110 118 157
33 56 65
14 20 161
37 99 99
110 158 158
42 136 144
23 309 309
109 242 266
14 36 83
71 145 241
26 31 47
198 222 222
10 20 121
176 271 276
257 257 257
85 132 157
58 96 124
69 97 151
88 148 191
128 128 128
84 135 235
151 340 340
159 159 159
54 129 272
137 137 137
13 97 129
137 137 137
11 11 11
100 122 122
28 30 177
41 41 41
96 247 265
19 20 24
317 317 317
140 171 221
60 221 229
10 20 143
242 242 242
113 295 295
15 29 48
115 332 332
24 38 59
37 46 269
58 76 76
22 31 76
24 27 243
110 240 240
16 17 23
66 85 321
24 64 99
69 69 69
20 99 101
31 40 41
10 97 97
35 45 301
17 17 19
77 327 327
316 316 316
121 157 184
44 117 125
17 144 145
193 203 203
32 83 221
31 85 101
287 287 287
52 84 284
268 268 268
41 41 41
120 209 241
79 79 79
10 10 10
115 252 277
19 120 142
21 239 239
25 137 320
33 76 189
12 22 199
62 62 62
15 15 25
105 208 233
11 60 61
119 120 169
104 143 231
45 256 256
27 28 131
65 72 97
14 35 35
21 220 221
93 130 170
106 197 277
12 27 187
102 321 321
13 16 44
232 306 313
29 58 120
189 189 189
52 165 173
41 69 108
71 92 235
46 239 276
22 44 158
41 57 78
10 14 156
47 47 47
147 147 147
14 121 121
51 125 125
36 77 85
24 31 31
13 84 85
98 215 338
85 102 131
187 187 187
10 24 192
36 57 275
227 227 227
16 27 161
16 25 25
128 174 174
135 152 331
11 263 274
236 250 271
60 89 341
28 195 197
19 31 31
93 138 215
75 82 253
16 63 65
95 95 95
12 24 94
134 180 180
287 287 287
33 66 102
57 189 189
81 89 158
36 52 57
96 96 96
332 332 332
13 13 190
18 23 46
16 54 139
18 321 339
20 28 232
12 35 37
12 14 16
42 71 71
10 13 49
159 159 159
12 12 18
88 105 137
95 168 193
27 55 79
22 155 325
24 143 145